words,links,capital_words,spam_word_count,is_spam
489,1,4,5,1
732,0,5,7,1
172,0,1,2,0
256,0,1,2,0
624,9,11,9,1
96,1,10,1,0
172,2,0,4,1
73,1,1,2,0
962,10,24,3,1
189,2,3,1,0
672,5,13,10,1
293,1,3,0,0
95,5,1,0,0
460,2,13,8,1
32,0,3,1,0
209,3,0,0,0
90,2,1,1,0
56,10,7,4,1
32,0,2,1,0
35,1,0,2,0
458,1,3,9,1
169,9,12,8,1
487,2,0,0,0
862,3,2,4,1
324,0,8,3,0
143,10,28,8,1
66,3,26,9,1
287,2,4,0,0
282,0,5,6,0
338,8,7,8,1
714,2,16,9,1
140,0,2,1,0
252,0,2,4,0
98,5,14,5,1
156,1,3,2,0
830,5,29,5,1
212,2,0,6,0
794,2,11,9,1
141,0,12,4,1
149,5,21,9,1
321,9,11,6,1
244,6,6,3,1
51,2,1,0,0
107,2,0,2,0
622,9,22,7,1
615,9,12,4,1
245,2,1,2,0
154,3,27,0,1
178,2,5,3,1
528,2,12,0,1
121,0,0,2,0
71,2,8,2,0
131,0,3,2,0
54,1,6,0,0
841,9,1,1,1
331,0,3,2,0
739,5,5,5,1
499,4,0,1,1
252,10,17,9,1
186,6,7,7,1
238,2,2,1,0
46,0,7,0,0
47,1,8,1,0
470,3,5,5,1
200,1,1,1,0
618,6,20,10,1
145,6,17,7,1
132,2,5,6,0
289,0,0,0,0
908,3,10,5,1
93,1,5,1,0
994,8,16,0,1
238,1,7,2,0
140,1,5,4,0
79,2,8,5,0
210,0,0,4,0
92,1,7,0,0
125,8,28,10,1
157,1,1,1,0
250,1,4,1,0
205,1,5,6,0
715,2,14,7,1
159,3,0,2,0
640,5,4,5,1
865,2,27,7,1
77,2,0,0,0
178,0,0,1,0
996,4,19,3,1
312,2,2,2,0
92,0,3,0,0
652,2,9,6,1
271,2,2,0,0
341,3,11,8,1
482,2,0,2,0
47,1,1,0,0
453,1,7,0,1
133,0,0,1,0
526,8,23,9,1
333,10,13,6,1
279,9,14,3,1
65,5,2,2,0
92,6,11,10,1
35,2,0,2,0
213,2,1,1,0
153,2,3,1,0
138,0,4,1,0
183,8,13,9,1
166,2,7,1,0
281,1,1,2,0
204,3,1,2,0
990,4,2,3,1
371,4,7,6,1
652,5,3,3,1
279,2,3,5,1
231,4,0,1,0
466,2,1,0,0
64,9,21,5,1
860,6,26,8,1
151,1,0,6,0
217,0,1,1,0
68,2,3,2,0
744,6,2,3,1
592,7,3,3,1
474,9,19,7,1
134,4,15,7,1
118,1,3,0,0
208,7,14,10,1
239,2,0,0,0
244,5,7,3,1
454,4,15,2,1
623,8,10,2,1
208,2,8,1,0
179,0,1,2,0
161,0,2,0,0
233,0,0,1,0
196,0,9,6,1
306,2,7,0,0
174,0,3,6,0
393,10,5,4,1
616,2,13,6,1
278,2,3,1,0
83,1,2,1,0
408,0,24,8,1
637,4,7,9,1
471,6,5,5,1
55,4,10,10,1
672,6,16,7,1
195,2,28,3,1
198,3,19,4,1
919,0,16,8,1
988,8,16,2,1
350,8,29,6,1
808,5,4,4,1
117,2,3,4,0
352,2,0,5,0
37,1,3,2,0
291,3,0,6,0
451,2,18,7,1
104,1,10,0,0
283,0,2,2,0
701,1,23,7,1
429,1,2,2,0
182,2,0,5,0
706,6,7,4,1
278,0,1,4,0
273,2,2,5,0
171,3,15,6,1
438,4,1,0,0
205,0,0,2,0
534,1,29,3,1
260,1,1,1,0
148,1,0,2,0
194,1,3,1,0
50,4,1,1,0
366,2,1,1,0
64,0,2,0,0
187,2,0,2,0
554,5,7,6,1
55,7,22,10,1
295,2,1,1,0
632,8,28,8,1
80,4,19,6,1
218,2,2,1,0
125,1,0,0,0
825,6,21,8,1
56,9,3,3,1
152,2,1,6,0
173,5,1,2,0
58,4,3,2,0
299,0,2,0,0
581,0,13,6,1
199,4,24,8,1
838,2,2,3,1
477,10,15,8,1
31,0,3,2,0
245,1,5,5,1
183,6,22,6,1
141,6,1,0,1
239,1,3,6,0
88,2,2,0,0
229,5,10,0,0
327,7,0,9,1
142,9,24,10,1
103,4,0,2,0
32,2,1,4,0
108,1,2,0,0
350,7,13,8,1
90,2,8,1,0
482,3,16,6,1
94,0,0,0,0
197,6,14,4,1
120,5,15,5,1
196,0,1,2,0
847,4,19,7,1
268,0,0,2,0
302,0,11,7,1
38,2,6,1,0
97,2,1,1,0
316,8,22,4,1
339,2,1,2,0
202,1,1,1,0
105,1,2,1,0
358,0,21,6,1
116,2,5,0,0
179,4,1,2,0
403,3,4,4,1
244,9,4,10,1
126,2,0,2,0
215,1,1,0,0
72,1,1,2,0
765,4,6,10,1
814,0,7,9,1
350,9,7,1,1
92,1,0,1,0
983,3,14,5,1
791,9,27,6,1
612,10,20,4,1
152,2,23,10,1
72,2,19,4,1
119,0,3,1,0
186,0,2,1,0
216,1,0,1,0
246,1,7,0,0
159,1,1,1,0
445,1,2,1,0
149,1,8,10,1
196,1,1,2,0
192,1,0,2,0
760,10,9,7,1
176,0,3,0,0
333,1,5,10,1
138,7,30,3,1
902,7,9,1,1
404,5,10,1,1
82,3,1,10,1
827,1,26,10,1
184,8,2,6,1
232,0,0,1,0
228,1,3,2,0
421,7,17,5,1
60,1,2,2,0
284,1,3,2,0
476,10,11,8,1
609,6,5,2,1
696,6,7,4,1
106,2,0,6,0
162,1,1,3,0
213,2,9,1,0
33,2,1,1,0
898,10,25,3,1
187,2,3,0,0
775,5,12,2,1
318,3,2,7,1
170,4,20,7,1
275,2,26,7,1
419,8,8,6,1
958,2,2,4,1
142,4,0,0,0
366,6,12,8,1
735,5,20,5,1
284,0,3,6,0
935,8,12,5,1
230,3,14,7,1
995,10,7,9,1
521,1,5,9,1
232,10,26,3,1
214,0,7,1,0
174,4,14,8,1
120,1,5,0,0
300,5,3,6,1
588,3,11,6,1
716,4,9,8,1
287,4,2,0,0
986,5,27,5,1
290,0,9,3,0
298,3,22,8,1
51,2,6,3,1
269,4,1,2,0
259,0,0,1,0
988,3,14,4,1
830,8,5,10,1
92,1,2,0,0
166,0,9,0,0
98,2,3,1,0
293,2,0,1,0
549,1,18,7,1
118,2,3,0,0
125,4,6,10,1
277,8,15,3,1
204,1,1,0,0
115,10,29,8,1
511,3,26,5,1
764,10,23,3,1
385,4,2,6,1
195,1,0,0,0
176,0,7,6,0
163,3,1,4,0
153,5,13,3,1
220,0,2,2,0
490,0,1,6,0
803,0,16,5,1
278,2,7,7,1
381,1,1,0,0
520,9,8,10,1
84,4,2,2,0
197,0,2,0,0
160,1,3,0,0
148,0,0,2,0
395,1,3,4,0
357,9,16,1,1
510,4,21,9,1
432,9,29,10,1
935,9,17,10,1
761,5,29,7,1
28,1,2,2,0
607,9,11,1,1
642,5,6,6,1
560,5,0,4,1
158,2,1,2,0
108,10,24,10,1
273,1,0,2,0
256,1,3,1,0
326,1,2,0,0
432,9,14,3,1
48,5,9,1,0
57,7,5,1,1
203,2,2,0,0
113,10,9,6,1
314,0,2,0,0
515,3,2,3,1
873,2,16,7,1
167,0,2,1,0
240,5,19,9,1
155,2,25,8,1
85,8,4,9,1
79,4,20,3,1
137,0,3,1,0
88,9,27,6,1
294,4,15,9,1
816,7,20,10,1
933,6,14,9,1
137,10,2,2,1
260,0,0,0,0
217,1,22,4,1
100,7,21,6,1
160,1,2,2,0
839,2,7,9,1
475,1,16,4,1
204,1,2,0,0
694,3,23,5,1
962,8,5,5,1
98,6,3,6,1
910,1,7,4,1
75,0,2,10,1
958,8,11,2,1
159,5,1,2,0
169,1,2,6,0
204,1,1,3,0
191,10,25,3,1
153,5,10,0,0
713,2,3,2,1
179,5,9,9,1
758,7,28,0,1
558,0,10,5,1
284,2,3,1,0
260,1,2,2,0
50,0,1,2,0
755,10,26,5,1
386,10,26,2,1
60,1,3,0,0
389,1,27,2,1
363,5,11,5,1
145,2,2,0,0
163,2,0,0,0
90,1,3,2,0
246,4,1,0,0
785,4,22,6,1
206,4,20,6,1
410,5,0,10,1
230,0,1,0,0
165,0,2,0,0
758,2,21,3,1
909,9,12,7,1
207,0,0,2,0
258,0,3,2,0
61,1,2,1,0
261,6,5,5,1
611,4,21,5,1
677,7,28,7,1
638,5,22,3,1
274,1,1,0,0
916,6,22,7,1
977,7,8,4,1
277,1,2,4,0
204,2,2,2,0
429,4,21,9,1
662,5,6,7,1
27,4,2,4,0
473,1,0,1,0
187,4,10,3,0
304,3,25,8,1
217,1,1,2,0
178,0,8,2,0
189,4,8,9,1
87,10,9,8,1
739,6,30,6,1
898,8,27,8,1
56,0,3,1,0
59,0,1,2,0
249,7,10,9,1
76,4,0,2,0
922,6,7,10,1
181,2,12,2,1
174,7,12,10,1
274,4,3,4,0
926,0,20,8,1
676,4,9,4,1
510,2,30,7,1
495,0,2,6,0
148,2,15,3,1
639,3,17,3,1
666,3,20,4,1
171,1,0,1,0
180,2,5,8,1
733,7,9,9,1
198,1,7,3,0
751,6,1,9,1
836,3,6,3,1
867,8,26,10,1
364,10,11,1,1
438,1,3,5,0
574,7,0,10,1
232,1,2,1,0
21,1,7,3,0
222,4,3,2,0
790,3,24,0,1
858,6,1,4,1
174,4,0,1,0
59,0,20,7,1
294,1,2,1,0
270,4,1,1,0
280,1,0,1,0
141,1,2,3,1
351,2,23,0,1
858,10,30,6,1
928,6,10,9,1
112,1,2,0,0
111,0,1,6,0
930,0,5,7,1
291,0,3,0,0
718,7,26,3,1
223,1,6,3,0
189,0,3,1,0
868,7,3,9,1
192,2,3,2,0
114,1,20,3,1
200,0,0,2,0
73,5,0,3,1
189,1,2,1,0
823,4,7,10,1
38,1,0,1,0
229,0,4,1,0
413,8,28,4,1
209,4,2,4,1
308,1,3,6,0
34,2,1,0,0
188,1,1,1,0
291,1,3,1,0
888,2,10,0,1
242,0,1,1,0
55,3,2,10,1
112,2,2,0,0
973,9,27,9,1
178,7,19,9,1
765,1,26,10,1
161,0,1,2,0
107,1,1,0,0
149,1,7,2,0
151,2,9,9,1
125,1,3,2,0
76,5,0,2,0
286,0,3,2,0
123,2,6,1,0
129,3,30,1,1
412,6,6,4,1
220,1,2,2,0
109,2,1,2,0
114,8,4,2,1
237,2,3,6,0
85,6,4,3,1
256,2,1,1,0
99,10,8,7,1
913,8,3,8,1
438,1,1,1,0
106,1,1,0,0
161,8,26,9,1
657,9,29,3,1
955,5,11,5,1
832,1,5,3,1
149,1,0,0,0
163,1,0,1,0
201,0,7,2,0
212,0,3,3,0
39,2,3,2,0
51,7,9,9,1
85,0,3,1,0
425,1,2,0,0
431,1,1,2,0
54,2,0,0,0
633,6,20,6,1
60,1,0,0,0
60,3,1,9,1
92,0,4,5,1
244,2,2,4,0
128,5,4,3,1
559,5,28,9,1
292,1,0,1,0
242,2,3,0,0
668,8,5,3,1
143,2,1,1,0
294,0,2,5,0
898,2,3,7,1
568,8,20,0,1
223,0,0,2,0
98,2,0,2,0
229,1,0,6,0
187,4,28,9,1
78,2,0,2,0
30,4,1,1,0
708,3,7,8,1
170,2,11,10,1
227,2,4,1,0
202,0,2,0,0
474,8,23,6,1
190,3,3,2,0
87,0,1,0,0
158,6,20,10,1
270,2,2,2,0
482,6,10,4,1
158,9,25,9,1
799,2,5,8,1
331,2,2,4,0
41,1,3,3,0
67,0,6,5,0
740,8,14,6,1
56,4,30,8,1
910,7,24,4,1
900,7,17,5,1
281,1,2,0,0
352,0,1,2,0
182,2,5,4,0
156,0,0,2,0
343,0,2,1,0
732,10,18,8,1
502,10,27,6,1
436,10,10,1,1
270,2,5,2,1
248,0,5,4,0
174,1,2,3,0
745,10,18,6,1
194,3,19,3,1
298,2,1,6,0
225,0,3,6,0
219,1,3,1,0
157,1,2,0,0
629,4,8,3,1
239,0,1,2,0
648,7,21,4,1
147,4,2,4,1
207,2,9,2,0
255,0,24,10,1
244,2,1,2,0
469,0,10,3,1
134,2,22,9,1
161,6,22,3,1
60,1,0,0,0
710,2,6,7,1
70,4,5,6,1
771,0,12,8,1
198,7,22,8,1
392,6,28,9,1
112,3,12,3,1
69,4,1,3,0
988,6,0,3,1
187,5,23,10,1
269,2,1,0,0
181,1,3,0,0
256,0,1,1,0
173,2,1,5,0
898,9,8,4,1
869,7,12,0,1
248,2,1,2,0
992,9,18,3,1
382,5,4,9,1
442,4,2,10,1
181,1,4,3,0
241,2,10,2,0
157,2,0,2,0
262,5,6,0,1
799,9,1,8,1
725,8,3,9,1
110,9,12,0,1
247,0,0,0,0
732,6,27,7,1
195,1,2,2,0
228,0,1,2,0
137,7,3,1,1
187,2,4,3,0
26,0,0,0,0
196,0,1,0,0
109,1,3,0,0
23,0,1,1,0
183,2,2,5,0
205,2,1,2,0
172,4,18,7,1
671,6,18,0,1
127,2,30,4,1
422,5,1,0,0
101,0,1,6,0
80,2,0,2,0
262,0,3,0,0
275,0,9,1,0
223,1,0,5,0
487,5,6,3,1
426,10,29,2,1
162,0,3,1,0
180,5,7,10,1
83,4,2,0,0
244,1,0,0,0
880,8,24,10,1
735,7,28,4,1
872,7,1,10,1
275,2,3,0,0
203,0,2,6,0
112,3,13,7,1
788,7,25,10,1
35,5,1,1,0
146,3,11,4,1
132,0,10,0,0
52,3,0,2,0
78,2,3,2,0
66,1,10,2,0
569,3,1,8,1
37,1,2,2,0
59,4,1,2,0
408,2,21,0,1
162,9,4,10,1
571,10,16,4,1
83,2,23,3,1
665,9,15,8,1
198,2,0,0,0
72,2,17,1,1
167,2,0,1,0
589,3,24,5,1
108,1,4,0,0
193,2,1,1,1
63,2,17,0,1
748,3,22,3,1
33,2,0,5,0
308,3,19,3,1
364,0,1,0,0
162,4,1,4,0
370,0,2,2,0
47,2,0,2,0
134,5,3,10,1
62,2,3,0,0
150,2,3,1,0
276,5,27,2,1
257,1,1,2,0
723,7,13,10,1
239,2,7,2,0
60,1,7,3,0
205,0,2,1,0
30,0,1,1,0
965,10,10,8,1
545,7,19,3,1
407,10,10,3,1
342,1,2,0,0
785,5,17,4,1
71,1,2,2,0
97,0,3,0,0
74,1,1,1,0
255,1,2,0,0
283,0,0,1,0
129,2,21,7,1
780,9,7,3,1
195,5,6,1,1
32,1,2,0,0
633,8,19,7,1
343,5,0,4,1
71,1,24,9,1
153,4,3,2,0
810,4,15,5,1
241,0,9,4,0
727,8,11,8,1
114,0,0,0,0
363,8,9,9,1
100,5,3,2,0
191,2,1,4,1
793,4,1,2,1
453,1,0,1,0
233,4,8,2,0
824,2,4,3,1
972,7,13,5,1
100,3,21,1,1
179,2,20,0,1
456,7,24,9,1
721,4,21,9,1
580,3,26,3,1
486,9,27,3,1
355,5,13,4,1
291,1,1,2,0
161,4,8,8,1
97,1,2,0,0
613,2,10,9,1
164,1,2,5,0
267,2,1,0,0
119,1,0,3,0
781,8,22,2,1
133,2,1,0,1
52,2,0,0,0
736,2,25,5,1
197,0,1,2,0
75,3,7,6,1
291,4,1,10,1
219,1,8,0,0
198,2,2,0,0
168,1,29,4,1
119,5,1,6,0
402,1,1,1,0
530,10,11,9,1
637,8,26,10,1
52,2,0,1,0
469,4,3,5,1
123,9,2,6,1
146,1,3,2,0
194,2,3,3,0
91,0,1,0,0
240,0,0,2,0
501,2,9,8,1
275,2,0,2,0
242,0,0,2,0
923,2,26,10,1
254,4,4,8,1
31,5,1,6,0
70,5,13,6,1
925,3,23,2,1
241,2,5,4,1
35,5,3,1,0
610,8,20,5,1
97,7,4,6,1
159,6,19,7,1
287,5,14,10,1
980,2,9,9,1
155,4,15,10,1
888,2,8,5,1
381,5,3,2,0
257,2,1,0,0
560,3,23,9,1
622,7,9,1,1
745,2,10,8,1
299,1,2,2,0
394,8,1,3,1
148,2,1,1,0
266,1,3,0,0
185,2,21,6,1
495,10,30,10,1
91,3,3,0,0
81,0,9,1,0
238,1,2,1,0
863,10,0,7,1
253,0,3,1,0
20,1,3,0,0
184,4,1,2,0
206,1,1,0,0
131,5,10,2,1
30,0,1,1,0
472,9,20,1,1
610,8,18,3,1
955,6,10,8,1
57,2,0,5,0
121,0,9,6,0
160,8,6,1,1
89,4,29,3,1
180,10,23,6,1
125,8,28,4,1
150,0,1,1,0
195,2,0,0,0
242,0,5,1,0
210,3,2,2,0
37,2,2,0,0
503,10,13,3,1
416,2,0,4,0
245,5,6,7,1
174,1,2,2,0
108,0,0,9,1
178,8,22,10,1
482,2,1,2,0
145,2,3,0,0
22,2,0,2,0
230,2,1,1,0
240,1,2,1,0
724,6,0,10,1
110,1,18,9,1
269,1,3,3,0
187,0,8,2,0
659,2,27,3,1
138,0,0,2,0
784,2,5,10,1
195,2,3,0,0
145,1,2,0,0
476,8,18,9,1
217,2,3,2,0
230,1,2,2,0
515,3,14,10,1
263,1,0,2,0
304,0,4,1,0
190,9,18,8,1
382,4,1,6,0
245,0,0,0,0
159,1,8,0,0
155,9,30,1,1
372,1,2,2,0
426,1,3,1,0
106,7,8,3,1
946,7,16,10,1
128,4,2,5,0
193,1,1,1,0
92,4,5,2,0
243,1,1,5,0
188,2,24,8,1
159,5,0,2,0
875,2,21,7,1
325,6,3,8,1
54,0,3,1,0
316,2,13,8,1
333,7,14,7,1
231,4,2,2,0
456,0,5,1,0
484,2,1,3,0
210,5,2,1,0
878,7,25,3,1
142,1,21,0,1
779,0,6,2,1
638,4,5,9,1
281,2,7,2,0
33,1,2,2,0
170,6,25,1,1
194,0,3,5,0
112,7,6,5,1
232,1,2,2,0
122,4,0,4,0
130,1,2,2,0
29,1,3,2,0
196,1,0,6,0
335,2,1,10,1
846,2,23,1,1
655,1,28,3,1
418,0,2,2,0
272,2,3,0,0
211,5,3,1,0
298,2,6,1,0
159,0,2,1,0
164,1,1,0,0
89,1,3,2,0
840,7,24,5,1
98,8,16,2,1
431,1,18,10,1
550,4,19,4,1
504,2,29,7,1
58,9,6,4,1
213,1,3,0,0
493,2,5,1,0
645,2,9,3,1
299,1,8,2,0
355,1,27,6,1
198,0,2,2,0
951,9,2,4,1
156,3,3,0,0
49,0,3,2,0
340,2,9,8,1
66,0,0,1,0
92,1,1,1,0
169,2,0,2,0
378,2,2,1,0
101,1,7,7,1
192,1,1,1,0
394,9,3,8,1
97,2,29,10,1
197,0,3,0,0
81,0,0,1,0
575,5,29,3,1
39,0,4,0,0
62,0,3,2,0
106,1,0,0,0
366,0,5,0,0
184,3,2,2,0
226,0,0,4,0
151,0,0,2,0
275,1,0,0,0
114,0,8,1,0
818,6,7,0,1
325,1,0,2,0
63,2,5,2,0
337,1,4,3,1
502,2,4,5,1
243,0,3,2,0
464,5,0,2,0
69,7,27,6,1
859,1,28,5,1
182,1,0,1,0
124,0,4,3,0
314,9,7,4,1
179,9,29,3,1
85,4,16,10,1
180,8,30,9,1
363,2,0,0,0
171,1,2,0,0
638,7,25,9,1
138,6,13,5,1
217,2,1,1,0
255,1,1,0,0
182,0,1,1,0
789,0,14,0,1
174,4,3,4,0
45,0,1,2,0
219,0,0,2,0
193,2,0,0,0
714,3,5,4,1
55,2,10,5,0
59,0,2,1,0
88,1,25,10,1
752,6,24,3,1
224,0,3,2,0
941,9,8,0,1
291,9,22,6,1
233,5,1,2,0
390,2,3,6,0
371,3,8,6,0
281,2,4,6,1
172,2,1,1,0
152,5,0,1,0
248,3,19,6,1
604,5,23,8,1
241,2,0,2,0
284,2,6,1,0
700,6,22,4,1
130,2,0,2,0
125,1,27,4,1
290,1,7,1,0
265,3,3,2,0
176,4,5,5,1
311,2,23,9,1
170,5,1,0,0
242,1,1,4,0
42,2,1,0,0
332,10,13,1,1
647,5,17,10,1
186,5,5,9,1
577,3,19,5,1
294,2,3,5,0
151,2,3,6,0
136,0,1,2,0
174,6,29,5,1
375,3,23,9,1
343,10,21,9,1
68,2,2,0,0
38,1,6,1,0
174,2,1,1,0
275,1,2,2,0
493,9,6,9,1
211,1,0,5,0
143,4,21,2,1
492,10,5,3,1
959,2,30,3,1
57,0,1,2,0
756,3,28,9,1
679,8,7,10,1
86,2,1,2,0
278,10,11,6,1
527,4,20,9,1
157,0,5,4,0
184,2,0,2,0
61,8,7,4,1
32,4,3,2,0
336,3,27,0,1
288,5,3,0,0
663,8,21,6,1
917,2,17,3,1
316,3,0,7,1
73,2,4,1,0
143,5,26,4,1
386,0,0,1,0
741,2,21,8,1
150,0,10,0,0
106,2,5,10,1
258,2,2,4,0
33,1,1,1,0
43,0,5,1,0
967,3,28,3,1
127,0,0,2,0
196,1,1,2,0
162,5,23,8,1
58,1,0,1,0
739,2,23,10,1
81,10,24,4,1
146,4,12,7,1
625,3,2,10,1
247,8,8,8,1
289,0,2,3,0
183,4,2,3,0
599,2,18,9,1
327,2,0,10,1
43,2,1,1,0
25,5,2,1,0
323,9,20,7,1
123,0,3,0,0
134,9,11,1,1
638,2,13,10,1
822,9,20,5,1
40,4,3,0,0
130,0,4,2,0
161,5,8,6,1
74,1,3,0,0
330,2,0,2,1
162,2,1,1,0
516,9,2,4,1
278,2,3,0,0
67,4,7,2,0
944,7,0,4,1
133,0,20,6,1
273,2,10,2,0
650,6,17,9,1
774,2,14,7,1
274,0,1,1,0
59,2,13,9,1
216,0,6,6,0
195,4,3,8,1
178,2,18,5,1
107,3,29,10,1
446,0,4,2,0
95,8,13,3,1
166,2,0,1,0
292,2,0,5,0
428,9,5,2,1
894,4,11,2,1
136,9,10,3,1
71,6,14,5,1
812,7,11,6,1
215,2,0,4,0
130,2,11,3,1
295,0,1,0,0
114,4,2,1,0
834,0,9,6,1
925,6,5,10,1
488,8,20,1,1
775,10,1,3,1
959,5,21,5,1
208,2,0,2,0
183,2,0,5,0
430,7,5,9,1
863,2,22,10,1
703,4,6,10,1
221,1,2,0,0
897,4,8,3,1
513,4,4,1,1
165,0,10,1,0
259,8,21,9,1
92,1,3,1,0
261,10,27,6,1
97,2,6,8,1
400,0,10,0,0
784,9,6,3,1
208,1,2,0,0
158,10,26,4,1
210,2,3,4,0
52,2,2,2,0
75,1,4,0,0
137,4,2,0,0
158,3,0,1,0
418,1,21,6,1
186,1,4,2,0
839,1,27,10,1
292,2,2,2,0
820,3,20,6,1
65,7,28,10,1
274,0,0,1,0
429,2,24,6,1
113,0,6,6,0
241,1,10,1,0
328,10,30,10,1
818,4,11,4,1
119,3,5,4,1
251,1,0,0,0
184,0,18,5,1
193,2,0,8,1
268,0,0,0,0
258,5,9,2,0
55,3,26,7,1
225,2,27,10,1
301,10,3,6,1
259,7,0,5,1
296,1,0,1,0
153,8,6,6,1
50,2,23,7,1
305,1,5,7,1
815,2,13,7,1
468,7,20,0,1
890,10,28,8,1
122,2,3,2,0
87,1,3,1,0
284,1,3,0,0
45,2,3,2,0
269,0,7,0,0
973,5,21,8,1
88,5,3,5,0
306,1,6,0,0
984,6,20,4,1
158,9,12,7,1
333,10,0,0,1
84,3,7,2,0
286,2,1,2,0
452,6,12,6,1
443,0,3,1,0
574,10,21,7,1
129,9,5,3,1
440,1,3,2,0
260,2,7,1,0
770,9,0,7,1
282,1,1,0,0
461,1,2,0,0
127,2,26,7,1
79,0,8,6,0
558,3,5,0,1
641,1,8,7,1
212,5,1,3,0
177,2,13,8,1
180,3,30,5,1
28,0,0,2,0
330,1,3,3,1
189,2,26,1,1
220,2,1,1,0
170,5,21,6,1
533,4,5,5,1
191,6,10,9,1
841,2,28,8,1
200,1,0,0,0
297,1,3,2,0
34,1,2,0,0
264,0,0,2,0
179,2,29,6,1
335,4,21,9,1
243,5,9,4,1
706,1,6,4,1
889,9,11,6,1
99,1,0,2,0
411,1,3,2,0
50,2,6,8,1
658,3,16,10,1
660,6,4,7,1
217,2,1,2,0
209,0,8,1,0
148,0,1,6,0
116,10,5,0,1
71,2,0,2,0
83,1,1,0,0
256,1,1,2,0
759,2,1,2,1
72,2,0,2,0
390,7,26,5,1
594,6,19,3,1
947,8,23,4,1
172,2,8,4,0
217,5,0,1,0
895,2,23,2,1
202,0,3,2,0
233,0,3,2,0
57,0,2,0,0
122,2,2,2,0
414,3,26,10,1
587,6,1,10,1
452,10,3,4,1
912,9,5,9,1
640,9,15,8,1
149,2,0,0,0
240,0,2,0,0
99,0,1,1,0
426,0,2,1,0
431,6,20,10,1
290,1,2,2,0
120,0,17,6,1
290,0,3,6,0
218,1,6,2,0
175,2,3,1,0
810,7,8,9,1
75,1,0,2,0
173,2,18,6,1
257,3,1,1,0
58,2,2,6,0
293,10,19,2,1
596,9,29,7,1
505,4,25,6,1
186,10,28,6,1
137,7,18,7,1
55,2,0,1,0
150,2,10,1,0
996,8,7,7,1
130,2,0,0,0
50,9,7,5,1
159,1,0,2,0
62,2,10,1,0
254,0,0,1,0
276,1,7,2,0
91,0,3,0,0
113,2,9,2,0
167,5,3,1,0
73,4,3,0,0
164,3,0,2,0
205,0,1,2,0
212,0,0,2,0
295,2,23,4,1
880,5,22,5,1
593,8,15,3,1
394,3,22,0,1
61,0,10,3,0
188,2,1,1,0
504,8,6,4,1
189,0,2,6,0
237,1,4,3,1
459,1,0,2,0
243,4,14,3,1
75,0,0,2,0
296,10,0,10,1
281,1,1,0,0
235,10,5,2,1
102,1,1,1,0
812,10,6,3,1
271,1,0,2,0
865,2,14,4,1
376,0,7,5,1
96,0,3,1,0
413,8,24,1,1
213,0,1,5,1
300,0,1,1,0
69,1,1,2,0
463,8,7,8,1
178,1,2,2,0
253,2,3,2,0
226,1,10,1,0
736,3,3,9,1
76,1,3,2,0
229,2,3,0,0
690,2,11,8,1
97,0,3,0,0
169,0,0,2,0
301,9,6,7,1
791,8,19,8,1
930,4,13,3,1
158,2,21,1,1
737,2,4,7,1
448,2,10,4,0
719,9,2,8,1
134,2,1,2,0
149,1,3,2,0
212,1,3,1,0
224,4,26,2,1
108,1,3,2,0
207,0,3,1,0
253,2,6,2,0
744,2,23,0,1
688,8,6,1,1
76,1,15,4,1
540,7,28,10,1
846,3,16,5,1
136,4,16,10,1
203,2,2,5,0
665,3,4,10,1
157,3,15,3,1
91,3,0,2,0
169,8,25,9,1
130,5,13,4,1
759,5,2,5,1
542,2,12,3,1
79,0,3,2,0
937,8,7,8,1
232,2,4,2,0
220,2,2,1,0
444,8,0,6,1
128,2,1,3,1
80,10,25,7,1
279,6,10,7,1
374,3,17,3,1
250,2,8,1,0
182,9,27,0,1
140,1,3,4,0
106,0,3,0,0
333,10,7,10,1
220,2,0,2,0
962,10,8,3,1
22,5,1,0,0
141,1,10,0,0
289,0,0,2,0
63,6,9,8,1
283,4,26,6,1
274,0,19,6,1
429,7,26,10,1
192,0,17,7,1
470,3,22,10,1
106,0,2,1,0
895,5,21,4,1
33,1,3,1,0
155,0,7,0,0
641,10,14,3,1
205,1,1,1,0
164,10,12,9,1
239,2,1,4,0
68,8,2,8,1
483,6,21,10,1
195,2,5,0,1
265,2,2,4,0
427,2,2,1,0
149,1,0,1,0
53,1,3,2,0
477,2,25,10,1
183,3,4,3,1
200,5,3,2,0
464,2,3,1,0
420,0,11,4,1
603,10,11,3,1
446,6,7,9,1
217,3,18,9,1
366,3,0,5,1
133,0,10,2,0
218,2,3,1,0
76,4,8,8,1
734,5,20,5,1
174,0,24,4,1
716,3,28,1,1
148,3,0,1,0
45,2,3,4,0
139,6,3,7,1
272,5,20,5,1
781,10,3,0,1
526,2,24,6,1
387,1,3,0,0
295,2,2,1,0
203,0,10,2,0
717,8,22,7,1
112,1,2,2,0
354,2,2,1,0
186,8,1,7,1
128,2,2,2,0
138,0,3,2,0
106,3,3,1,0
887,10,16,3,1
54,4,3,1,0
132,3,23,3,1
136,2,0,5,0
661,7,14,7,1
498,7,10,5,1
105,1,2,0,0
87,0,0,1,0
184,6,13,3,1
376,4,30,10,1
739,3,5,1,1
93,1,5,2,0
107,2,3,2,0
807,7,22,4,1
606,10,17,7,1
152,2,1,2,0
123,3,4,7,1
151,4,10,1,0
432,2,2,4,0
188,2,22,6,1
534,3,6,0,1
804,10,15,3,1
299,0,2,0,0
197,9,6,3,1
553,4,25,4,1
275,10,28,3,1
283,0,2,0,0
361,0,3,0,0
447,10,5,4,1
120,5,2,1,0
543,1,4,10,1
730,0,19,8,1
85,9,0,7,1
927,8,9,9,1
170,0,3,1,0
144,1,4,0,0
260,2,2,0,0
119,2,9,6,1
111,0,3,3,0
231,4,3,2,0
133,2,1,0,0
836,1,0,7,1
51,3,3,0,0
35,0,1,1,0
521,4,14,8,1
62,1,18,2,1
174,10,18,7,1
96,7,5,10,1
454,3,7,2,1
331,3,8,10,1
142,3,26,9,1
32,2,3,2,0
204,2,3,0,0
296,0,1,1,0
274,2,2,2,0
220,2,1,1,0
600,5,24,8,1
447,1,8,2,0
219,2,7,1,0
635,2,9,6,1
148,2,0,2,0
101,8,29,7,1
355,1,4,6,0
187,8,15,6,1
434,4,8,7,1
218,1,7,3,0
248,4,10,1,0
943,7,30,4,1
46,0,3,2,0
125,6,24,5,1
214,4,19,9,1
406,6,13,1,1
184,2,4,1,0
82,10,8,0,1
107,10,11,1,1
36,2,2,6,0
948,5,26,1,1
39,0,0,2,0
207,4,3,0,0
655,7,10,1,1
145,1,5,5,0
401,0,1,0,0
101,9,16,3,1
979,8,28,5,1
119,0,2,0,0
489,2,1,0,0
64,0,0,2,0
83,10,5,4,1
791,2,30,1,1
152,3,20,2,1
951,8,8,6,1
263,1,3,1,0
577,9,11,8,1
250,2,0,1,0
720,5,9,3,1
195,0,0,1,0
132,0,26,5,1
45,2,1,5,0
130,0,1,2,0
565,7,15,5,1
661,4,21,4,1
190,4,5,3,1
289,1,2,0,0
193,6,1,8,1
212,0,4,0,0
788,1,29,5,1
170,10,26,6,1
142,8,16,1,1
237,6,0,5,1
288,3,6,1,0
813,9,11,0,1
302,2,1,0,0
367,3,2,2,0
505,10,3,6,1
207,0,2,0,0
217,2,30,7,1
999,3,2,9,1
431,6,15,9,1
141,1,1,1,0
766,10,11,10,1
139,8,2,0,1
156,2,11,10,1
62,1,5,1,0
638,2,25,1,1
102,2,0,0,0
78,2,3,2,0
226,5,8,2,0
252,2,2,2,0
261,1,2,2,0
83,1,0,0,0
938,9,6,3,1
855,4,3,10,1
484,0,28,4,1
170,5,1,0,0
800,3,15,3,1
170,2,0,0,0
128,1,24,1,1
203,7,28,3,1
231,0,4,2,0
100,1,0,1,0
99,2,2,2,0
371,0,1,3,1
432,0,2,0,0
168,0,7,10,1
141,0,1,1,0
159,0,23,0,1
134,2,16,2,1
129,0,3,6,0
131,2,27,10,1
274,0,3,1,0
598,9,20,6,1
40,2,1,1,0
932,6,7,5,1
338,2,2,0,0
136,6,18,4,1
477,2,29,3,1
162,2,4,0,0
114,4,6,7,1
994,2,10,6,1
379,2,11,8,1
705,2,5,10,1
219,0,0,0,0
832,6,25,1,1
268,4,1,1,0
853,2,25,1,1
110,5,0,2,0
206,3,1,1,0
124,2,3,1,0
179,0,2,0,0
76,0,2,2,0
897,8,25,2,1
295,0,2,1,0
125,1,0,2,0
645,6,23,3,1
52,2,3,0,0
867,2,1,8,1
457,0,2,0,0
394,8,27,9,1
341,4,8,2,0
865,10,5,6,1
846,3,22,7,1
214,0,1,2,0
212,10,6,3,1
76,3,5,9,1
116,5,24,10,1
724,5,3,5,1
369,2,4,6,0
116,9,28,9,1
294,2,3,3,0
722,10,17,1,1
284,9,26,0,1
165,2,3,0,0
218,1,3,3,0
38,2,0,6,0
65,3,2,7,1
937,2,10,7,1
226,4,8,9,1
199,2,14,6,1
218,1,1,1,0
310,9,16,1,1
254,1,2,2,0
218,6,18,9,1
28,1,2,0,0
156,4,4,0,1
319,1,3,2,0
37,0,2,1,0
93,0,3,2,0
174,1,4,2,0
175,1,3,1,0
149,6,5,0,1
322,0,2,4,0
427,3,16,6,1
681,7,22,1,1
672,10,7,10,1
393,5,1,1,0
241,2,19,3,1
171,6,14,10,1
567,3,1,9,1
64,3,27,3,1
270,1,2,0,0
96,2,0,5,0
346,1,4,5,0
515,3,9,1,1
879,5,7,8,1
269,1,8,0,0
497,6,2,4,1
228,2,8,0,0
169,0,0,2,0
454,0,0,0,0
336,0,22,3,1
146,0,2,1,0
778,3,10,3,1
119,2,10,1,0
294,1,0,1,0
391,2,2,6,0
184,1,2,0,0
589,2,3,10,1
91,3,0,5,0
129,1,8,2,0
48,2,0,5,0
48,1,0,0,0
190,2,0,1,0
715,6,26,5,1
167,3,29,3,1
56,0,2,1,0
268,5,5,6,1
27,2,2,0,0
591,9,7,4,1
136,0,1,2,0
400,0,0,1,0
258,1,1,1,0
523,10,19,10,1
134,8,21,1,1
558,6,24,5,1
37,0,2,0,0
552,4,23,9,1
85,2,0,2,0
588,7,12,4,1
270,2,3,1,0
41,2,0,2,0
113,3,3,1,0
474,1,2,2,0
288,3,1,1,0
370,1,1,0,0
235,0,0,1,0
959,3,13,10,1
68,1,1,2,0
380,2,5,2,0
117,2,29,9,1
268,2,1,1,0
286,0,9,1,0
465,2,3,2,0
295,2,1,3,0
489,2,26,8,1
134,1,1,3,0
439,5,7,7,1
209,3,0,6,0
614,0,0,3,1
140,5,5,8,1
188,7,10,7,1
185,3,3,3,0
646,4,25,9,1
111,1,3,1,0
176,0,11,1,1
60,4,0,0,0
149,1,0,1,0
744,10,3,7,1
449,5,26,4,1
250,4,19,5,1
842,2,16,4,1
497,3,5,7,1
161,3,26,8,1
210,0,3,0,0
513,5,21,8,1
48,0,1,5,0
743,7,19,5,1
173,1,7,2,1
95,1,3,1,0
615,7,7,7,1
183,0,2,0,0
286,3,2,2,0
146,0,1,2,0
221,1,0,0,0
860,3,23,5,1
277,2,8,1,0
195,3,17,6,1
247,1,2,2,0
284,2,3,4,0
596,7,5,8,1
273,2,3,2,0
155,2,17,5,1
205,4,3,3,1
165,0,20,4,1
162,4,25,6,1
868,7,5,7,1
695,3,25,10,1
615,9,7,6,1
730,3,17,10,1
253,2,1,1,0
138,7,28,4,1
84,2,2,2,0
127,2,5,2,0
289,3,3,3,0
87,0,3,1,0
128,0,0,0,0
349,8,7,2,1
151,0,0,5,0
393,4,6,9,1
713,5,5,8,1
99,4,2,0,0
115,2,6,0,1
849,1,10,0,1
36,3,0,2,0
127,2,2,5,0
245,0,1,2,0
696,6,28,8,1
157,1,2,1,0
151,1,2,6,0
87,1,28,7,1
115,4,10,0,0
459,7,22,7,1
438,3,1,3,1
167,2,12,7,1
149,2,0,0,0
103,4,3,7,1
451,2,19,3,1
203,0,7,2,0
985,3,10,3,1
270,2,2,4,0
282,0,1,4,0
676,5,24,5,1
292,1,3,1,0
108,0,1,6,0
40,1,10,3,0
153,2,0,4,0
628,2,15,4,1
162,2,3,5,0
589,10,8,8,1
273,2,0,0,0
212,4,3,0,0
273,4,6,8,1
126,0,1,2,0
143,8,30,6,1
23,1,2,0,0
923,4,20,5,1
309,0,26,8,1
231,9,22,5,1
426,1,0,0,0
364,1,1,1,0
163,0,3,4,0
196,0,3,4,0
522,9,16,10,1
94,1,2,0,0
254,0,1,2,0
520,3,24,0,1
614,4,28,0,1
276,8,14,6,1
156,2,3,2,0
99,0,0,2,0
108,6,9,2,1
166,0,22,7,1
481,7,6,4,1
92,0,3,1,0
208,0,0,1,0
107,2,0,2,0
20,1,1,2,0
97,0,0,0,0
738,4,28,7,1
582,9,9,3,1
139,2,10,0,0
933,8,0,3,1
222,3,26,9,1
114,0,0,3,0
60,0,2,1,0
694,5,11,1,1
202,3,8,6,1
283,2,0,3,0
127,9,17,8,1
300,0,1,1,0
485,1,2,1,0
78,6,5,10,1
223,7,21,3,1
78,8,17,10,1
195,0,3,2,0
805,3,30,0,1
82,1,3,2,0
294,5,2,1,0
210,0,10,0,0
299,2,6,7,1
727,2,1,10,1
173,2,3,0,0
46,1,3,6,0
333,2,0,2,0
27,1,2,2,0
670,2,13,10,1
135,0,3,0,1
153,0,3,1,0
121,8,10,8,1
95,6,8,7,1
65,2,2,2,0
112,1,0,6,0
167,3,4,4,1
679,10,7,6,1
179,4,13,10,1
271,2,4,0,0
107,2,2,1,0
992,1,18,1,1
637,2,27,6,1
124,2,0,2,0
397,2,11,1,1
243,10,23,7,1
56,2,2,1,0
60,2,3,2,0
45,0,0,5,0
199,2,0,4,1
269,2,3,2,0
807,7,3,7,1
233,1,0,1,0
236,0,2,0,0
850,6,4,3,1
296,2,3,1,0
545,5,23,10,1
750,10,9,3,1
91,2,2,2,0
488,2,0,1,0
944,3,23,7,1
205,7,13,7,1
608,4,29,2,1
177,6,20,3,1
540,8,0,8,1
651,10,1,9,1
314,5,15,7,1
275,8,1,6,1
218,2,5,0,0
528,7,5,8,1
451,1,29,10,1
335,8,20,1,1
423,1,0,0,0
958,2,19,4,1
872,5,0,10,1
243,2,2,4,0
153,2,10,5,0
656,7,29,5,1
794,4,1,0,1
78,8,17,2,1
188,2,17,9,1
92,3,29,10,1
46,2,0,0,0
839,6,0,8,1
951,3,16,1,1
884,9,30,10,1
177,4,3,5,0
291,5,1,0,0
178,0,1,0,0
325,9,11,5,1
799,7,28,5,1
228,1,1,5,0
272,1,1,2,0
448,2,11,0,1
74,0,2,0,0
958,7,26,7,1
240,1,1,1,0
534,7,21,6,1
373,4,1,3,0
535,3,11,3,1
837,5,2,6,1
84,2,0,3,1
555,2,17,3,1
211,1,2,4,0
327,0,3,0,0
121,3,3,5,1
260,1,1,0,0
49,0,0,0,0
596,1,5,0,1
227,2,0,2,0
200,0,1,1,0
279,2,2,5,0
62,2,27,8,1
374,4,18,8,1
183,1,23,3,1
193,7,18,1,1
267,0,3,6,0
433,4,3,10,1
161,5,5,0,0
453,6,8,7,1
56,0,8,1,0
277,1,1,0,0
253,2,0,1,0
935,9,8,3,1
129,3,14,3,1
342,10,8,4,1
816,9,12,5,1
236,2,1,2,0
171,0,3,1,0
417,4,4,8,1
802,10,30,8,1
171,0,1,0,0
790,9,13,1,1
121,6,20,9,1
90,8,23,6,1
125,2,2,2,0
26,1,2,1,0
174,4,7,2,0
183,5,23,0,1
636,9,9,6,1
829,1,6,6,1
638,10,20,2,1
51,5,7,2,0
207,6,2,5,1
753,8,11,8,1
216,10,24,3,1
635,7,23,1,1
81,10,0,8,1
54,2,1,1,0
87,0,3,2,0
782,6,6,8,1
760,2,24,3,1
451,1,2,1,0
387,0,2,0,0
250,0,2,2,0
892,9,20,3,1
109,1,1,1,0
140,10,21,9,1
188,9,12,6,1
256,3,23,4,1
112,2,6,0,0
132,6,14,7,1
247,2,2,0,0
98,2,2,0,0
130,6,23,4,1
167,0,9,1,0
410,0,0,2,0
181,8,6,6,1
195,2,1,1,0
621,10,28,2,1
714,9,30,7,1
464,2,3,1,1
247,2,4,1,0
123,1,2,0,0
706,7,27,7,1
247,0,2,5,0
440,3,25,0,1
164,2,0,0,0
289,0,0,0,0
445,0,3,2,0
199,2,22,4,1
162,4,2,5,0
63,2,3,2,0
101,0,1,1,0
156,1,9,1,0
130,2,3,0,0
195,3,12,9,1
330,10,10,5,1
159,2,6,8,1
148,8,4,8,1
496,4,4,0,1
429,1,3,4,0
306,0,26,10,1
153,4,1,1,0
167,5,3,4,0
397,1,1,2,0
156,2,2,5,0
154,2,23,9,1
284,9,26,6,1
141,1,2,1,0
155,1,1,6,0
576,6,2,5,1
337,3,9,7,1
142,0,2,0,0
87,2,2,1,0
39,1,0,0,0
129,6,20,1,1
176,0,2,0,0
175,2,2,2,0
29,0,1,2,0
630,8,27,5,1
237,8,10,3,1
53,2,0,2,0
282,1,0,0,0
297,1,8,2,0
543,5,2,5,1
425,0,2,1,0
130,8,18,8,1
377,2,0,2,0
420,2,20,5,1
415,4,21,10,1
252,2,1,1,0
376,2,26,7,1
288,7,18,3,1
569,10,30,8,1
573,10,30,3,1
763,6,1,3,1
200,3,2,0,0
157,0,23,8,1
219,1,8,1,1
132,0,0,1,0
128,2,8,3,1
543,10,9,8,1
164,2,4,2,0
182,1,1,1,0
311,1,8,5,1
954,9,8,6,1
339,2,1,2,0
124,2,29,5,1
82,6,22,1,1
614,9,21,4,1
261,1,4,1,0
490,5,7,7,1
214,1,2,1,0
553,3,9,10,1
990,3,24,7,1
286,4,3,2,0
211,0,18,0,1
26,1,3,0,0
917,6,2,3,1
343,4,13,7,1
754,9,24,4,1
224,2,3,2,0
195,2,0,1,0
431,9,21,2,1
298,0,1,1,0
224,1,3,2,0
125,1,1,0,0
211,1,2,1,0
820,10,5,9,1
633,1,19,2,1
633,2,19,8,1
602,6,12,10,1
163,6,23,3,1
168,5,5,3,1
591,1,18,9,1
199,2,2,0,0
865,4,1,10,1
131,0,10,4,1
825,5,5,0,1
190,6,13,6,1
456,3,11,10,1
983,5,4,7,1
259,0,1,6,0
381,4,6,2,0
58,2,1,0,0
65,1,2,1,0
559,10,21,10,1
166,1,2,0,0
869,3,26,6,1
458,9,16,5,1
231,1,3,6,0
144,6,8,4,1
188,2,9,3,0
575,5,27,4,1
855,2,15,3,1
122,4,20,8,1
392,7,10,2,1
618,4,1,6,1
744,7,17,0,1
698,8,14,0,1
199,2,8,2,0
77,7,4,1,1
981,3,13,7,1
48,1,1,0,0
297,4,21,7,1
384,1,12,6,1
122,0,8,1,1
146,4,0,6,0
161,4,22,3,1
400,3,29,8,1
60,6,7,8,1
209,2,0,1,0
163,0,10,2,0
20,1,2,2,0
100,3,27,10,1
956,9,10,10,1
843,5,8,5,1
66,3,18,8,1
42,2,3,2,0
395,0,0,3,0
481,10,22,6,1
29,1,3,2,0
405,10,14,5,1
109,1,2,2,0
258,2,0,0,0
430,1,2,0,0
215,1,1,0,0
85,0,2,1,0
247,3,3,8,1
301,8,23,10,1
199,0,2,4,0
417,5,13,8,1
583,2,10,6,1
290,8,6,7,1
204,0,3,1,0
757,9,30,3,1
32,1,3,1,0
93,2,1,2,0
864,9,29,4,1
76,3,19,7,1
177,10,11,7,1
242,1,0,0,0
627,8,8,6,1
805,10,3,1,1
553,1,6,3,1
164,2,0,8,1
589,8,20,6,1
54,1,3,3,0
139,1,0,3,0
22,1,3,4,0
421,10,9,3,1
961,9,30,6,1
532,4,26,3,1
157,2,0,0,0
602,8,28,6,1
364,6,20,3,1
42,2,3,1,0
468,0,0,0,0
191,6,19,8,1
552,0,13,4,1
751,5,17,8,1
792,3,28,9,1
879,0,12,1,1
440,4,4,2,0
120,7,5,2,1
810,7,16,4,1
147,0,2,0,0
35,0,1,0,0
233,1,2,0,0
475,4,15,8,1
80,3,13,6,1
120,1,3,0,0
184,5,27,10,1
368,1,13,4,1
313,1,2,1,0
510,4,24,9,1
471,2,9,6,1
337,9,25,4,1
147,0,3,2,0
97,2,2,2,0
199,7,5,4,1
657,1,17,3,1
475,0,0,2,0
419,1,2,0,0
168,4,13,2,1
723,6,18,3,1
121,0,17,4,1
532,7,25,4,1
29,4,2,0,0
58,1,3,1,0
877,9,20,5,1
796,3,25,2,1
169,0,2,3,0
158,3,10,5,1
347,0,3,1,0
410,5,22,9,1
39,0,3,1,0
429,0,3,2,0
119,2,3,1,0
76,1,2,0,0
673,1,19,3,1
586,10,29,2,1
299,8,0,10,1
64,1,2,2,0
415,5,3,1,0
286,1,1,0,0
670,2,16,2,1
120,3,20,4,1
127,1,1,1,0
157,2,13,5,1
211,4,1,0,0
308,4,1,1,1
322,9,22,9,1
117,2,24,5,1
430,8,16,3,1
216,2,3,2,0
140,2,14,2,1
418,7,20,3,1
381,3,24,3,1
165,1,2,0,0
387,3,19,3,1
288,2,2,2,0
249,7,6,3,1
977,3,5,6,1
129,7,18,2,1
367,2,2,1,0
126,0,13,10,1
364,10,24,8,1
928,9,5,4,1
144,0,0,9,1
229,0,4,6,0
87,3,0,2,0
992,2,7,1,1
249,0,3,2,0
601,5,14,0,1
82,2,3,2,0
612,7,16,0,1
253,2,0,0,0
292,1,3,1,0
792,6,28,7,1
797,9,9,6,1
997,6,6,7,1
272,0,1,2,0
67,8,23,7,1
908,2,29,9,1
388,7,24,2,1
89,4,26,4,1
54,5,12,7,1
933,3,29,4,1
233,1,0,1,0
480,4,28,9,1
73,2,2,0,0
718,6,8,4,1
234,2,5,1,0
326,1,0,1,0
141,2,3,0,0
590,2,30,8,1
115,1,5,0,0
68,1,1,6,0
168,3,21,3,1
559,4,19,4,1
450,1,7,0,0
137,4,3,0,0
393,5,8,10,1
239,2,2,2,0
856,10,13,0,1
65,1,5,2,0
193,10,7,4,1
73,1,3,1,0
302,2,2,2,0
195,4,0,2,0
116,1,11,0,1
254,8,5,5,1
224,1,0,2,0
186,6,12,4,1
283,2,0,1,0
69,3,29,3,1
153,8,24,5,1
993,5,18,5,1
577,4,27,9,1
897,9,23,10,1
292,5,2,1,0
352,5,23,4,1
178,2,1,2,0
195,9,14,0,1
175,1,1,0,0
933,2,7,3,1
547,1,14,3,1
30,1,3,0,0
157,2,16,10,1
657,5,28,3,1
289,9,4,10,1
507,3,3,10,1
208,0,3,4,0
268,0,2,2,0
100,3,11,8,1
218,1,3,2,0
228,1,1,1,0
81,1,8,0,0
685,3,24,10,1
151,2,2,4,0
119,0,3,1,0
731,10,0,8,1
279,0,3,1,0
297,9,14,3,1
243,2,1,2,0
352,4,15,4,1
941,5,16,4,1
209,1,2,2,0
143,4,0,8,1
280,2,3,2,0
431,4,5,5,1
125,2,3,6,0
50,3,26,2,1
996,9,2,8,1
275,1,5,0,0
945,2,9,1,1
265,0,4,3,0
860,9,13,10,1
215,2,1,1,0
124,0,28,7,1
145,1,3,0,0
414,5,2,7,1
231,8,6,7,1
285,0,1,0,0
273,2,26,6,1
645,6,3,8,1
161,1,3,1,0
468,9,12,7,1
83,0,3,2,0
163,1,1,3,0
826,7,5,0,1
473,1,0,2,0
214,1,2,3,0
297,2,1,2,0
119,8,24,8,1
226,0,2,2,0
123,10,9,4,1
169,0,2,1,0
33,0,1,1,0
139,5,11,5,1
279,2,1,1,0
269,0,15,5,1
136,0,6,2,0
81,1,3,1,0
198,4,27,10,1
762,2,25,2,1
33,1,2,1,0
98,0,8,1,0
163,2,25,3,1
318,4,25,6,1
140,2,20,3,1
412,9,22,10,1
247,10,2,6,1
875,3,30,8,1
245,1,3,1,0
207,0,4,0,0
508,10,25,5,1
369,6,9,8,1
222,1,2,0,0
125,5,8,3,1
845,9,28,5,1
218,4,3,1,0
411,2,3,2,0
554,0,28,10,1
455,2,3,1,0
274,2,2,5,1
157,2,2,8,1
115,0,3,0,0
206,5,3,1,0
157,8,0,10,1
134,9,2,6,1
68,1,1,1,0
497,1,8,1,0
71,0,0,2,0
179,0,3,0,0
133,4,23,3,1
156,2,2,1,0
130,2,1,6,0
989,10,6,2,1
659,1,13,5,1
691,3,26,3,1
885,1,25,4,1
48,0,0,1,0
747,8,18,5,1
181,0,4,1,0
42,1,3,1,0
104,3,3,8,1
123,2,2,0,0
182,2,0,2,0
792,4,1,4,1
476,2,1,9,1
616,3,8,7,1
106,1,0,2,0
251,1,1,0,0
165,1,3,2,0
390,6,23,3,1
718,2,4,8,1
750,7,4,10,1
49,2,3,2,0
536,0,13,6,1
414,1,1,0,0
529,3,0,8,1
961,2,23,6,1
107,4,18,8,1
314,0,8,5,1
257,0,2,2,0
252,2,26,6,1
293,2,6,0,0
209,1,2,0,0
389,2,18,5,1
82,7,28,9,1
143,0,5,8,1
239,4,15,5,1
483,0,15,7,1
181,2,2,0,0
46,2,1,0,0
131,8,10,3,1
197,2,3,1,0
345,3,3,1,0
178,2,1,2,0
212,2,3,1,0
259,0,3,1,0
92,5,27,10,1
223,2,1,2,0
121,2,10,3,1
218,2,0,4,0
28,1,2,2,0
201,2,16,8,1
596,2,6,2,1
776,7,28,7,1
130,3,3,1,0
269,2,3,2,0
292,1,2,1,0
371,0,4,6,1
637,3,30,1,1
478,0,9,9,1
128,2,3,1,0
737,2,22,1,1
733,3,0,5,1
388,3,21,9,1
217,0,9,2,0
613,8,15,4,1
80,1,3,2,0
452,3,2,0,1
281,1,4,6,0
325,2,3,0,0
59,1,0,1,0
423,10,5,6,1
56,1,4,0,0
300,1,4,1,0
182,2,5,2,0
997,2,17,4,1
910,9,9,5,1
78,1,9,2,0
167,2,0,2,0
652,3,26,1,1
126,2,1,2,0
151,3,11,4,1
292,2,0,1,0
178,3,1,0,0
145,2,7,2,0
93,4,0,6,0
27,1,6,2,0
375,1,6,1,0
126,0,0,1,0
100,2,1,2,0
414,3,14,3,1
126,1,3,0,0
156,1,0,2,0
182,1,0,0,0
1000,3,23,3,1
296,3,17,0,1
36,2,1,0,0
184,2,1,1,0
616,7,5,4,1
446,0,2,0,0
601,8,5,9,1
259,1,0,2,0
95,2,3,0,0
995,2,16,7,1
140,8,25,7,1
88,3,2,2,0
265,2,6,6,0
216,2,0,0,0
609,8,20,8,1
161,3,3,0,0
793,3,20,3,1
937,4,8,4,1
115,1,3,1,0
166,2,5,4,1
908,5,4,8,1
300,10,30,7,1
220,2,0,1,0
292,0,4,0,0
223,0,0,0,0
88,4,0,1,0
150,5,1,7,1
179,2,10,0,0
901,3,28,6,1
823,5,9,9,1
177,2,3,1,0
127,3,24,5,1
160,0,3,2,0
37,0,1,2,0
539,4,4,3,1
160,3,2,9,1
687,3,13,1,1
77,2,5,3,1
316,3,3,5,1
748,10,17,1,1
131,10,16,7,1
294,7,27,3,1
270,2,3,0,0
455,1,3,0,0
256,2,8,10,1
305,2,6,10,1
720,0,30,3,1
982,4,15,5,1
311,9,29,3,1
856,3,1,6,1
878,2,4,7,1
177,2,3,0,0
118,9,13,10,1
238,2,2,5,0
339,5,19,9,1
277,1,6,4,1
194,2,1,0,0
236,8,19,7,1
567,5,16,3,1
130,1,1,0,0
132,2,2,6,0
214,0,3,1,0
910,8,4,1,1
143,4,5,4,1
80,0,2,2,0
346,0,2,9,1
420,3,20,1,1
427,3,3,0,0
154,7,21,8,1
110,6,10,8,1
213,1,0,0,0
623,9,5,3,1
219,1,2,2,0
198,1,3,9,1
192,3,13,5,1
21,0,1,1,0
224,10,29,10,1
927,1,21,5,1
103,2,25,7,1
